5
9733
9870
6099
1954
2286
2166
9147
7628
6853
3183
211
6096
422
8957
466
6188
1668
2414
7634
926
4993
7831
9103
6245
1612
7473
740
1787
5440
3514
4307
9445
8943
1559
2769
3573
9578
3407
7905
3998
646
6336
1123
7428
8587
5401
9449
9217
553
2743
9730
9533
2654
3739
2026
481
9007
4466
6036
9002
3043
7563
2035
2379
4743
9981
8701
6300
7320
5121
7482
1903
3260
5824
7022
8784
5954
781
4966
3822
8321
8400
8248
4768
2484
6396
7233
8699
2897
7933
1215
8561
4222
2023
2010
3580
5159
8999
7265
9181
5570
4944
805
9144
3273
8948
8795
9927
8673
3066
6012
3319
175
1731
3170
7259
8359
3465
2019
7339
6551
8709
9007
6439
3239
1589
4131
8696
8044
5227
7275
8255
9037
3501
2251
9421
4589
2572
2920
7
5765
2337
451
7408
3265
2687
4484
3493
4747
9652
99
3315
5943
4753
3007
1409
4141
1216
8577
3512
4047
6301
798
389
1487
828
8744
6857
6500
7953
9759
154
7020
3997
8260
6682
2635
5828
9829
518
8067
5986
9283
1676
6717
5962
2724
1244
6896
7323
6980
3247
9797
7706
1393
7046
7161
2341
3087
506
4920
7027
9728
9119
5212
911
565
1836
6487
9870
5760
3481
400
2479
2812
8566
2722
2440
2948
1869
2184
9574
6528
4233
8234
6106
607
897
5983
2626
7960
6509
9508
5309
944
3057
4801
3897
7651
4501
3927
5802
2964
7767
3541
9958
1038
4573
2942
2490
8985
5725
1021
9862
4648
2145
9962
8344
8263
6403
7030
5497
8752
4932
3276
814
9274
8546
9444
118
3646
1337
7624
7159
4562
7003
7690
9474
4216
8611
5871
4486
7738
6482
2607
3392
7338
1830
9970
8160
7209
747
7700
2571
5869
497
4424
4993
3642
7872
7381
1643
4411
7925
1300
8828
7345
605
600
9890
2407
3726
1327
8437
1179
1430
3627
3924
5622
8497
7404
2436
7996
6379
3490
7284
4126
5961
3543
206
8352
8437
2022
6100
3282
4788
5338
3013
6355
7970
7654
1909
4594
3311
7706
7753
662
4049
5208
9293
8147
6816
8866
2201
9565
4176
1614
4996
3908
7330
7948
135
3073
2111
1079
9073
6117
5912
1243
8916
8699
2491
9129
1879
9611
9344
7759
4328
631
3369
4419
9679
9800
2940
2397
3857
7098
5911
3626
3884
6606
3968
7733
7774
1911
7885
2871
2968
9516
4927
9112
1180
5542
1217
5649
9851
9699
5771
3832
467
3194
1617
6178
8448
6841
7660
3099
6775
4104
1777
1838
4281
8769
8592
864
3899
3666
5020
6344
7668
5317
4387
5350
3733
1485
3616
7677
8633
6972
8163
9719
9374
6687
3629
9153
4179
1456
7427
2425
7267
8595
8214
3880
8556
3486
9888
6230
5622
2245
3349
2073
1145
5920
50
7779
3695
2572
7119
9295
9330
9005
98
7117
4300
2308
6917
8172
6919
8629
9083
7005
1645
1681
358
6824
9351
9621
8563
3537
363
7632
5000
7997
5037
9073
2106
463
9566
8484
1797
6298
9684
7672
1691
8409
9781
8778
1728
1021
1576
6014
8708
9826
4996
6575
2369
7720
354
3811
7473
9749
1041
4617
1324
9248
9186
4365
1434
7604
5753
5497
7056
3696
6394
6574
2518
3109
9401
9478
8963
8678
2107
2160
4742
3470
8968
804
730
4686
6857
445
4455
8841
8745
9599
2701
7257
4477
8504
7332
8154
8183
8951
3325
2286
8593
5873
9579
7735
4753
6791
8454
7318
1400
5435
1362
6061
8426
4012
4986
9214
3148
3075
7960
5670
5115
4394
6137
3802
968
2842
2399
9902
2431
8236
1746
798
7503
6036
2309
5270
7402
4572
6421
7831
2478
3345
8710
7481
3745
2184
1332
3147
2766
9237
301
296
3634
4499
7334
562
7667
4927
9887
6167
825
4106
9207
7422
4460
8803
9085
9124
9924
4103
2926
8182
1717
9200
2338
2008
4477
9723
1091
1140
9106
1815
1910
2131
3912
9652
8361
2577
5765
6163
6091
5987
5706
2088
2306
593
5413
9297
9999
2494
8571
7575
6693
4881
4795
3689
9734
5488
8376
456
9035
7443
9648
6304
3095
1732
5824
3418
7281
8990
5406
1320
9144
7796
8535
742
8847
9726
5117
8319
5928
3139
2654
2428
3652
7830
1528
8124
4347
7991
6911
2358
8090
8167
7544
7800
26
3133
7976
8630
7203
9513
7495
393
3209
6979
6843
2907
6953
7050
8017
6516
9777
1144
7897
4301
5989
8063
8442
2595
5454
5678
7424
8728
8003
6833
3497
4517
2192
8976
3685
5374
2681
9458
4154
1151
3230
6259
4756
4699
435
9541
1838
925
457
2035
8107
5921
3476
9307
3110
5889
6079
9476
6883
4578
6763
703
6164
5732
672
7939
600
588
8568
4502
352
4085
2506
440
2470
9668
2558
7732
4750
9247
9174
5205
1048
8323
9868
7165
3937
5709
403
7319
6
926
8266
9162
152
6063
9474
2257
3588
1975
3255
1589
5843
9328
6456
2629
5713
1983
6034
1941
2858
5216
8320
2347
929
5674
6131
7779
4459
7088
8216
9608
4974
5871
4535
3021
3273
3037
3426
7333
1238
2375
7027
5403
449
6176
7679
8071
2921
4744
7998
1781
6624
237
9616
9670
7310
1982
6754
9351
3467
7307
4305
5984
9717
2366
728
7033
5893
1156
2794
7736
9118
970
1262
7732
2756
7436
5205
3378
4460
133
6657
1152
7774
3873
703
7454
8863
4291
2177
4167
7297
7615
4129
806
3840
9748
7782
4885
6607
5613
4967
9743
8420
3986
5820
3620
4747
3593
3535
1744
2819
5265
130
7537
6370
1946
6857
4499
247
5207
7068
6170
6392
7503
9061
5900
2887
6587
8505
5777
6011
2094
230
6166
8092
854
3851
9573
739
9141
7043
7540
4004
982
2114
1240
5902
854
213
600
6225
8334
6348
688
4973
2621
9248
5720
3665
1056
5342
7487
1833
2941
6288
9392
1135
2968
5329
9055
1373
1537
6312
1201
8013
2691
5866
6944
2879
5231
3020
8435
1400
1226
5115
990
3396
4682
2246
5342
231
9334
1106
3176
6319
1189
6795
8999
7758
8658
2341
6868
1172
7793
643
2976
8274
9106
7016
2214
6478
6485
9239
5265
9946
4734
9246
7745
9030
4455
5025
575
961
6998
1026
2207
2353
6149
8588
163
3471
7834
7927
2860
3409
600
5029
7065
6090
3205
5481
4269
8939
7449
1231
8916
1703
9085
6448
4124
7086
5766
1413
2836
1997
2344
6267
8434
8274
2699
8783
3439
546
4064
6075
3073
7172
4572
2482
8504
4769
8866
7595
3826
2062
7627
5196
4323
2687
1431
1477
189
4415
4863
9456
4761
7371
5982
5243
6151
6626
6328
5522
4611
2800
341
1640
1997
4920
5231
7405
478
9319
7667
3228
7750
1015
7972
4064
5625
3180
753
2657
8355
2330
8257
383
9166
6002
1913
3832
7293
204
6606
5231
7555
1134
1544
7876
6995
5519
2598
5128
2967
6803
7875
9623
1568
8288
7041
5761
2019
7536
3966
2788
1992
1651
4411
6534
656
2791
4599
2928
3262
767
8066
4324
575
804
6942
4310
8611
1786
4434
1564
9274
460
2063
6051
4782
7702
9835
4635
8983
4996
3629
6526
2344
5741
6104
6680
583
4386
7807
7551
3408
8836
4404
9056
5250
5909
9259
2587
2557
8094
4272
7921
5219
9526
2536
7555
3866
7768
7948
4104
8474
5459
4740
1170
3836
4592
21
7276
5477
1189
2820
7641
8528
3054
7132
6539
8856
2492
4603
3080
3459
7950
2630
6904
581
8763
6092
1121
7462
9061
1221
4693
1163
3997
4246
980
7699
4283
3885
4562
9010
7960
5691
963
4510
4457
6318
4359
3792
3222
3927
7294
2389
6032
5054
56
2228
9459
4373
7789
6310
5463
6838
5031
650
2679
7321
4115
5423
7957
6302
8271
8449
8306
2203
6176
3114
2760
6736
8334
1763
8009
6078
5623
5307
8289
99
958
5233
5944
9522
901
3458
4906
4869
951
7986
9768
4244
6907
1447
362
8514
6709
2584
8369
2961
5438
8508
3855
2610
4954
2143
958
8454
2817
1208
8741
5214
8794
6391
6618
8572
1278
8699
7395
7439
448
1837
1005
6697
705
277
9000
6982
2669
85
1481
3282
690
867
4887
1309
8276
6716
3402
7706
9522
1188
9311
1041
3777
6721
6047
7701
8579
8241
1507
7314
3523
9723
7082
9960
50
3283
2042
2623
6292
6151
8348
2386
9037
825
532
732
9186
290
5866
4837
997
243
9383
8194
4956
3741
2084
8190
6836
824
9781
1823
3813
8173
6679
4572
3864
4471
8103
7476
8157
9487
6678
8781
9216
9850
5778
5677
407
6202
3935
7405
2684
983
706
2585
5006
1087
3415
7237
721
2947
9463
6503
1208
6243
2763
5098
6564
6807
3741
2548
3101
9608
426
6788
3792
2506
9111
2330
5810
3820
6321
8470
6783
4429
4641
9765
9063
5383
9574
7149
4012
4388
5604
5878
4231
2087
8660
708
643
8840
8641
70
2330
1882
7849
4552
8774
9934
2513
3283
7803
3844
9914
4742
289
7395
6537
2162
8468
6389
6187
7423
6329
5068
739
9925
2550
3535
5834
7678
5694
3038
5274
6780
447
8797
3664
4499
2898
3310
9851
8719
2480
4333
9651
9867
4071
7526
6220
3580
4785
9227
4675
7189
8002
6422
1824
1431
6655
3655
3898
225
5855
2403
2063
2223
4814
7955
9192
8560
3205
2400
7237
5978
2577
7310
4859
8053
7733
4701
740
3226
5561
9756
5374
1496
5935
5533
5236
8132
8616
3088
9420
2576
8247
6950
591
7115
6832
2674
7332
3263
7095
9691
1683
2346
4287
8064
138
1592
7621
7893
782
8842
3610
792
8721
4499
4098
8471
7357
2904
9924
9205
9975
5290
2808
1568
3236
5400
4676
182
2124
8472
2438
6232
8369
5347
1736
4282
5679
5756
3738
8159
8115
3583
4214
484
8421
7751
8532
4010
8994
49
7100
7651
2683
1625
8271
7907
8781
2409
3347
6174
8336
6987
5936
9670
9469
6021
7563
1753
5864
5905
8300
926
7895
5199
9127
972
5810
636
3508
9750
6312
4588
6113
2673
78
2479
8588
7496
1820
6177
9272
9228
6172
2276
2831
9929
2554
3777
4967
2384
7435
7696
1803
8824
2903
2578
9124
612
8991
308
5270
4062
6914
5713
2394
123
9897
4000
3909
5381
5490
2922
6676
2542
3798
4736
6707
7243
83
7901
2635
2519
2345
386
7173
4620
7321
7304
6496
9645
1970
6623
1267
8617
7658
3384
1792
6160
5015
6325
5346
9316
1032
8337
5740
7466
9892
5375
8477
8129
2280
2208
3971
536
309
5591
5305
4149
2583
1457
4777
8888
8596
5635
8783
1090
4599
152
1880
623
3430
3108
7233
5695
2444
4837
2045
5772
3369
4300
3059
7077
2774
8088
2315
5382
7289
9370
3119
5985
5428
1514
1205
2286
3069
3680
2393
7493
6900
904
808
332
2913
1651
5089
4308
1964
1254
7194
7541
5070
2641
9638
9324
5276
9462
3159
1435
4645
6381
5557
9009
3018
679
9655
9504
6638
7655
4625
8733
7856
4360
2664
3385
3255
6864
6686
8883
9427
6363
1345
8414
1468
8066
319
5186
9736
5644
6046
5285
6097
5448
7700
4356
5450
5617
2750
8192
25
6951
1100
112
3785
6741
9762
3115
7048
4711
4317
2951
5274
9170
922
6288
1019
2338
6385
3237
7594
8360
872
4811
2715
1474
2136
4003
8606
6122
1107
4046
936
1976
738
6131
7805
2012
6232
3811
8795
6222
8532
4825
6791
3999
1849
7458
975
5627
5089
6360
3080
4702
8591
6029
7056
8296
5901
3449
2214
9219
6751
6765
9642
9512
8668
2019
1628
9399
4468
5039
1849
1157
1800
6957
7554
6420
6513
7542
647
5338
4494
9939
9421
7903
1690
5120
6574
2815
3626
2832
1172
5380
9057
1204
2015
4825
9547
1091
5504
7623
8481
9284
2026
6779
3200
1432
1613
5416
4422
4537
682
4552
5066
2315
7966
7960
9228
6666
1062
4115
4846
4647
9345
2365
4749
1601
9094
4722
5835
7620
8023
2606
7484
6848
1929
5756
1383
8794
777
3451
4636
7480
3099
6330
6904
2573
9879
7502
4515
4098
7006
947
9137
922
5440
5915
15
1150
7791
4254
2824
8748
9370
2568
4847
8317
7344
9736
4471
2543
2364
7852
8397
2717
4416
7455
893
4029
7474
5634
7244
6190
2347
1963
5444
9174
6546
2694
3619
7505
1081
5563
8248
7448
7132
3451
9353
3483
5456
3693
7245
3462
9386
8309
8937
248
5620
6345
93
2651
7322
9252
4247
6404
6024
359
9284
956
4275
1324
6791
4680
182
2743
6167
214
6585
8876
956
9563
5738
9133
3770
2885
3847
5068
6173
9703
5491
749
6997
8685
8503
8475
8356
2158
6994
2172
5501
3533
6322
6052
442
5826
2911
5440
1295
8435
1932
3670
4811
2475
4393
3648
7357
9384
4798
8271
7091
5005
7955
6257
7471
7111
4919
4054
9578
8725
1890
7459
7556
8164
9378
7039
8618
8206
4497
9929
6228
4348
7498
661
9153
2768
6231
4083
8591
2531
7147
8329
5689
4235
6795
2227
5378
7120
1209
7439
3287
6852
6248
6259
7539
9157
2446
1327
1292
919
2103
4305
5323
8174
5499
7026
9357
9744
1125
5286
8048
483
3715
6786
2310
2142
8625
5498
4381
9032
8016
5209
2364
6369
8363
2798
801
6796
6026
7988
33
745
154
324
2259
9484
9469
3449
8435
5465
9999
1757
3645
4054
9969
6988
7387
7647
2251
748
4521
7358
2886
7634
736
4238
5933
6258
7676
9128
6667
8622
7728
2746
3677
6764
6939
7068
8561
6968
5572
3066
5650
8461
9640
1041
2059
5152
9157
4122
7181
7287
452
693
7075
2431
1896
3820
1553
9271
9257
6404
800
5280
3032
6999
5422
8595
3598
9359
4255
2372
8705
1139
6553
9851
3072
8793
204
9534
518
1122
7107
4394
1248
9015
3336
6130
1155
9306
7434
3704
497
8221
5231
7153
1588
3282
5475
3144
2888
9808
3015
3113
8936
5401
1144
9579
2583
5526
3146
66
9194
2246
6989
2561
7274
7011
6248
6538
4552
865
9946
6232
5331
946
5751
6763
9306
830
7846
5937
8842
863
4907
9144
9584
7219
4614
2211
7304
8209
3509
415
719
8353
4939
7829
9075
9765
4975
8257
7967
6157
5071
8473
5155
9812
2145
2870
4884
4808
4069
2969
1567
4981
9447
500
5309
3795
9434
6156
3285
129
7618
9519
5740
1158
1769
8969
8596
6749
1606
4209
3684
359
9630
4137
296
2355
8514
7543
3512
5892
1757
2108
1803
8442
8824
8699
4792
6596
7309
2989
7229
526
6722
6091
276
6883
984
4410
8960
4200
987
9851
1225
1243
6271
5252
2980
8911
813
5082
3088
3886
2876
1829
9154
2033
6915
235
1953
100
914
8256
4227
7992
874
2326
3628
5116
3089
1371
6359
9603
2282
7835
455
2558
5229
6280
6956
5195
3960
6710
1667
4270
8002
8240
1963
7026
6302
1224
1213
4101
4054
3305
425
6039
9154
3269
4142
5067
1556
6164
7547
4856
3481
3073
6496
3062
7580
3762
8095
1304
5067
1874
2663
9072
8416
1381
2891
1829
7355
9460
4766
1513
5804
8609
7483
1806
2119
9078
5960
633
6664
568
6510
8657
6851
8493
5013
5004
8596
7215
8207
4627
8333
858
6826
7173
6244
1813
9632
510
552
5315
153
5247
1815
6430
8106
6635
3022
5795
2463
2147
9890
8356
2758
27
7912
7128
9239
9200
3181
3275
3924
8313
8277
9341
369
7892
8425
4538
9480
9749
888
8203
4233
7140
626
4167
2564
7850
5029
5762
9050
8077
3775
9140
5218
7584
6912
4149
9478
4419
5790
7510
1693
1805
5901
7416
9622
88
3763
1531
4883
8163
1656
3465
5866
422
3503
6627
489
4539
7020
3592
4464
1592
1880
2813
6350
4564
953
1244
8336
6481
9680
8686
9805
6735
7031
1200
9861
8774
2632
850
23
993
9836
6300
4109
77
8621
2277
6441
7417
2222
1815
3349
8882
8001
3850
1690
9230
4315
9912
5002
2215
3673
2249
6313
1231
3901
7277
7387
6225
7973
1501
1121
8074
3675
9116
4388
1739
9534
704
4344
5051
9352
3132
2696
8926
682
1568
9039
1247
6613
6478
573
1012
7090
6495
4524
6704
8651
2957
2010
4542
6751
6246
5590
1542
7946
7035
8983
2926
172
7041
5257
263
3848
3041
6129
6005
9468
2039
4913
8311
685
5328
4738
8006
4382
7335
4899
8534
1279
1209
8116
6187
7284
7548
6445
3551
7001
4302
7833
8912
1456
8448
2974
594
741
8699
9935
4778
8342
9892
7325
6503
5543
5912
3941
9929
929
2671
4551
2762
6929
11
4662
509
8296
1976
6773
7571
2450
7424
615
8872
1773
2535
8973
6527
2355
4628
9353
8338
3986
9909
7439
8143
6615
5631
9981
3903
8219
7989
2175
8886
7384
8973
5510
3353
801
7238
4372
5281
9537
1172
2900
9530
3575
7670
5992
1128
4231
27
8434
9622
3735
331
5051
4653
8469
6323
2758
605
3465
9149
1344
4519
5883
2756
9583
1120
2211
8864
2329
7980
9913
2856
2798
8329
929
2822
2391
7358
7537
1040
7610
6429
9522
2025
5919
7117
1672
3168
4216
959
7940
6437
9914
2895
6166
5298
6215
2803
1721
5193
534
9043
7036
581
5413
243
7287
113
9915
6729
9841
8011
6231
3846
7935
716
3706
6032
8774
5863
5711
1019
7543
240
3118
6790
3151
4356
7662
4054
419
1772
6151
2423
1513
5203
9848
7771
7046
6240
791
4147
7789
4787
9576
8919
2216
6204
962
2614
2598
1978
5038
1358
4565
7990
9473
202
7663
2297
4111
8717
8275
2503
6931
1238
8206
1460
275
3561
4680
9540
8009
385
5991
5919
1857
1362
6767
1332
8696
1427
3935
9684
3002
4188
9655
313
4120
3485
567
6383
2867
7210
8093
7904
6757
1954
4719
8966
338
9138
2635
460
8790
8995
1820
6697
4197
4588
2555
4162
4213
4339
7002
7008
4240
9989
2516
5003
7140
3656
1015
7002
5794
6291
9807
6530
5861
257
5839
6512
6991
8145
5478
4646
6098
6373
3878
3351
5103
3254
1096
4403
7129
7811
9306
8719
9057
6020
4818
8148
2454
1179
3098
3993
7425
6524
9396
5532
630
5262
2377
6117
4393
4671
3489
6159
8592
643
3186
9165
460
4485
4430
6528
8274
2784
4857
3626
2983
509
5956
9323
6950
3048
4290
384
7764
1163
1459
9363
2199
3931
5410
972
1837
3504
2031
3317
4120
9409
6523
419
5750
7797
4348
7661
4
3605
8763
9543
455
2718
8256
1048
2778
4589
6168
5958
5807
7871
5563
3187
3052
9480
9524
8520
7736
6446
3935
5023
3086
4673
5780
7522
2515
9491
4660
5190
4246
6697
8556
5529
1642
5234
4986
9961
4531
6650
1112
4894
2421
4221
6957
7588
902
7657
3370
2975
3222
3706
2555
1950
1019
9673
5815
7691
5088
2196
8874
1122
1166
6213
912
4203
4361
4154
986
2919
3133
4830
8307
5299
7820
6150
5948
2958
759
4236
4894
417
9396
9460
1050
1599
8655
3625
295
1102
902
9568
9865
5053
414
5225
7580
3890
4867
2604
449
7769
7929
4363
1652
681
1075
279
880
5810
255
4660
5451
5273
6263
5029
6673
3136
5304
6690
6640
476
1265
618
5706
9496
9744
5172
8376
1484
2699
3576
9243
7820
1585
7802
32
948
898
4723
3383
6652
3396
7970
5023
391
1186
7873
8279
3710
4366
3769
6456
7899
8049
9347
7024
9365
6469
2976
7713
684
9540
7232
9215
3100
9669
5322
190
9594
6488
4962
5760
682
8086
2697
6776
8044
7347
9595
341
321
1574
7296
1646
7486
4741
9665
730
1745
6371
3737
2559
433
6839
8810
4021
6810
1281
3742
7586
5848
3723
359
6483
6144
1141
9977
1897
5534
4088
6941
6535
1250
787
282
3779
6846
7900
289
2151
7360
3255
9104
1448
8255
4251
6382
3825
3760
8682
5791
3266
1528
3510
3019
6315
6492
3691
1940
1107
9612
6241
4979
8113
416
9078
3646
2680
3720
6541
9488
6637
8917
6905
3765
9802
2890
263
9491
8607
6100
8324
8026
2182
7919
9354
7659
6384
9398
8255
4470
3901
6348
6848
2398
2875
5384
3353
4592
2418
9109
74
7859
9395
238
1117
6372
1071
3525
1679
2119
4358
5834
1032
4674
6649
3160
6378
4085
6947
781
4200
4
8862
520
6883
9636
6298
8192
2157
6974
4104
396
494
3463
2940
6204
4845
4386
4982
8577
8372
7179
1162
9282
1002
4498
8435
3780
6935
3002
9086
3567
2131
8437
6812
6207
9097
2891
450
7458
1144
1391
8977
5307
7083
3266
241
4790
4992
5217
229
6659
5561
6147
4539
5395
6224
5822
9177
1079
5927
4662
3886
4910
4344
4012
2725
5524
1976
9399
2716
3091
7224
5652
6619
6441
1619
9239
8855
653
32
1446
2064
339
8261
8442
670
904
389
517
9119
2864
5000
2216
6776
2607
5491
8651
6582
2060
2541
9504
3444
1139
3490
1019
6904
3093
8875
6910
5238
8641
7265
8529
5306
8029
2217
6292
6814
5022
1764
9831
7992
5598
8935
9540
6628
4445
6290
250
3231
9866
8177
5504
4013
6710
6789
1500
1962
2245
1214
6788
3071
7643
9922
3789
9608
2294
4291
7618
9484
3461
726
4623
9736
5054
2517
2112
8381
7750
3759
405
5959
9498
9875
3182
6298
1077
1886
9385
206
6901
7623
7103
9343
7406
9345
4680
3211
2598
8399
6304
8055
4788
8644
1426
1893
5952
527
5791
6952
9807
4939
2714
7294
6865
2435
5552
9837
1459
2862
8824
6564
9677
4740
8034
3794
6696
7837
6903
9939
7463
5977
4072
8257
351
5808
479
6688
6445
1110
4409
7629
7117
5116
7023
3301
728
4045
2541
1270
9217
1128
3564
4619
1287
8453
4356
5290
7900
8953
1301
7413
3549
2642
9092
5170
6128
3382
9867
7029
4205
2839
163
4797
9001
5757
1350
8006
4063
9201
2835
6955
8442
7896
9685
500
914
1451
1886
4978
4646
951
1838
3923
9496
8443
3411
812
504
4593
6656
884
1078
8727
1636
5686
1148
9819
9330
5341
5758
7151
7178
4715
2700
6021
2397
4952
5941
8774
1306
2025
983
316
4288
8649
8064
8219
6650
3301
9407
6270
1723
4261
4537
3840
4781
1353
9124
1669
7324
5625
8189
2624
3264
9053
5138
4772
2746
9156
2829
4404
7889
5960
916
8826
1880
3140
5192
7630
6161
7606
5075
5748
9655
7766
911
1598
9417
8301
8605
5675
2217
2779
9697
3311
9316
3212
4071
8321
1910
4547
3101
3043
2353
9286
3122
2796
699
7807
3058
5109
7897
4597
1199
1597
474
9177
9050
7519
6475
2006
32
1342
3281
678
7651
1822
196
5520
9834
4217
9023
599
1667
5656
8205
4280
5063
5875
9681
9901
7993
8981
7006
3816
8247
7293
8795
7749
5227
5101
3336
8198
2699
4167
8707
3420
2772
2838
3410
983
1164
7126
6690
6696
2055
7406
4307
9452
2851
4663
9053
5272
786
5169
8147
2879
6838
2430
6546
6724
2347
5591
9816
3693
9090
903
1793
4665
7040
3932
6016
1983
1216
8761
6873
7111
229
7946
24
9251
4356
3152
2963
7001
7170
939
3090
6799
5528
5036
8251
8270
2186
6201
6097
9772
8191
2777
5223
1253
3987
889
7935
5673
2705
516
8696
2833
1174
5388
1293
9291
3684
4984
8427
8992
823
1931
6764
1070
8907
6052
337
1214
7893
1955
4822
1384
7573
8850
7316
3797
4895
5402
6740
7336
2376
2082
5748
4304
600
5528
4750
3538
3201
9416
1511
3791
7302
2702
8828
1326
2692
1118
4637
3054
6925
4140
5552
7015
4485
3606
342
279
2961
9364
7758
3211
7521
42
9375
6152
7631
276
5240
488
2077
1370
9719
8360
2517
7853
3818
3523
5608
3461
1909
7374
9693
8167
7696
7565
9527
776
3929
2069
1683
2613
1863
243
9458
5211
5492
9251
4815
9643
7888
2086
2582
978
7781
4021
7445
2212
2774
2690
2559
1087
3247
5872
179
2548
4976
1507
7288
8339
2376
5842
2968
8816
225
969
7665
21
5823
2990
6527
5889
843
9114
6453
5428
5795
3079
3924
1028
6655
3623
8478
8616
724
17
5961
4788
1810
7176
560
3673
3915
3837
9974
3198
5883
9886
5097
5938
8658
1449
4317
1488
7569
9593
1307
958
1489
3742
4186
5748
8284
5986
2936
1471
1395
8133
7340
4698
4238
1705
4994
7214
1402
2345
4306
6283
7231
2043
4817
5401
3407
3464
8637
2615
837
8760
9685
8444
6480
6710
6266
2341
5837
9713
8485
8786
5893
6703
6488
7016
7351
5160
5542
9234
319
7380
1272
3619
5073
6522
6854
5754
5980
8612
6470
4380
235
7424
1205
2980
5149
1744
2759
9739
616
4510
4781
617
1131
26
7320
6881
7929
404
2166
7520
3900
5709
6718
5481
9668
3563
3718
6210
4461
5753
8763
4975
296
8305
4724
4444
3671
5964
3749
1368
3233
6175
5892
3933
1909
5440
6274
2714
9558
8620
2361
5359
2642
6203
4365
8264
4352
4127
5733
1654
1693
7397
2556
5587
8497
9529
7933
7397
5691
6158
8844
4866
7331
3989
4315
9628
2834
1782
2150
881
8835
3626
2541
5648
2753
8907
6693
9954
6526
6105
3592
4371
7386
9571
661
3586
3447
6388
46
7512
7112
6275
2720
7467
7453
3938
7858
5252
975
8910
4835
6260
8095
6678
2462
4797
2880
1384
4274
7801
5087
5861
3212
3814
8619
7177
9356
1111
907
3525
6801
1746
1761
8024
1699
7930
3537
8122
4988
8344
845
2682
7154
9942
6873
5812
9558
6511
5954
1500
5661
122
3381
3897
1727
7018
4529
4478
3028
58
2697
1203
8555
6041
322
1506
546
3079
576
3757
5772
7149
8934
6506
9127
3400
8140
59
8947
3898
4406
5770
9960
8916
5180
9139
2861
8068
8325
5609
5353
6305
9356
4998
1228
2041
7971
5043
6538
5348
1849
4843
6971
1914
8164
729
7933
7578
3841
8147
6084
1037
7949
9782
4853
8193
2364
5898
8877
3399
5594
6991
631
2271
1217
3482
3149
5126
3471
3539
586
9782
7525
6755
3881
8362
3316
2213
3451
2434
259
6690
8535
1486
4502
4481
5148
1311
1393
3705
4329
7718
3292
9138
9181
9426
3744
6254
1532
927
2057
4924
9984
4494
8146
4903
8495
1827
639
4297
82
6997
2657
1024
9896
7642
4233
1505
6891
4536
1355
8595
5235
6981
7764
9515
4784
5982
3491
9652
2258
6025
8339
6471
2208
7552
9732
3162
765
2609
6952
5886
1277
4438
9019
7220
5216
2848
936
4749
1358
2512
9113
1174
7921
8471
7950
9508
5601
5035
3538
9355
6845
9313
1334
4681
2009
9889
9880
6576
703
305
8945
3041
448
9318
8070
6878
7813
6360
6791
6262
419
1890
4215
7608
8103
4335
9603
1534
9916
2642
8185
1940
9984
9321
9811
9451
4830
9109
5690
5115
1270
8591
7974
3951
3425
5728
8293
357
6283
8801
3092
2520
6125
9202
4318
3473
6518
7345
2027
6080
5009
2649
9166
2926
9127
1984
440
5209
6739
7800
3582
7499
1771
4687
4996
9629
3549
2459
7453
6002
7935
9014
4244
3856
1813
7661
6652
519
3942
5634
1335
1024
7016
5797
2460
6530
8255
1914
3806
8609
7302
1163
4658
7562
6924
5851
9402
9244
5680
1192
7439
1994
8657
7012
3814
5837
4437
8771
3666
7969
1151
7893
6141
5343
9466
7712
3385
2335
1772
4133
6196
9667
5039
9523
7287
1020
8386
7325
3766
1263
4136
1712
6777
4806
6512
1003
392
6744
1336
6340
1337
1176
1129
4990
5533
18
8683
9857
8597
2519
78
3857
7991
6068
7037
9918
6313
7742
5701
6003
4926
2747
1234
7640
2849
2791
154
5206
1399
4660
382
2614
9029
2008
2366
7507
4382
2130
3081
8654
6402
3285
602
8534
991
2681
2928
2949
6890
8886
7966
1970
6207
191
5378
9622
2391
5321
6339
9764
9369
5008
8678
4381
569
9738
5587
2068
4324
8452
3372
594
3102
3628
9024
1908
513
5619
1637
4089
9754
7786
7417
6256
4966
891
4590
9900
8493
2049
7693
2910
23
9861
6871
3114
7683
9589
9699
1811
8257
1521
5552
1964
1598
7737
7277
2581
5436
6803
6971
6737
6723
9954
9605
889
8106
7909
719
2630
9623
8654
6625
4711
7173
2672
9239
9938
6932
9992
3527
8029
8759
1961
613
4558
1301
8135
2474
9465
688
4144
3217
7227
6679
5326
3023
7336
2785
2892
393
7606
4583
3469
4498
4470
6008
6370
8337
455
7904
9934
1065
1089
3167
5784
3819
5773
9163
5876
8214
4837
8034
64
8199
8986
5362
1024
1918
8216
4147
1272
1401
4787
744
6079
2003
6362
3704
7916
4467
9725
1052
7595
2486
8942
7117
7857
3704
1561
9565
4213
3075
4896
9917
4340
402
506
8942
5124
5633
1041
7470
4067
5556
9400
6271
4578
9558
3953
1144
94
8612
4837
6315
2362
771
4116
2743
9886
5849
1015
2055
583
2376
8335
6551
9278
3785
9622
5423
5865
614
3126
599
7999
1062
5534
4630
951
8506
139
6353
6065
5688
866
6053
1127
8088
3568
8600
698
9993
4676
4426
9817
3375
4960
934
7206
3095
8008
6353
486
3868
9778
1372
583
3235
9051
1442
5973
349
9461
9716
3017
6368
3888
7167
1082
1765
5078
7815
8995
3989
6842
9543
2148
5261
2626
8689
8002
5217
2087
7624
5773
2832
7712
3475
4093
2169
5726
9204
7884
3908
7768
8729
1429
5615
1627
2906
124
4229
5410
5682
1228
5044
9363
9573
9625
5553
9075
4462
70
1780
3265
3049
480
5816
6736
5573
4719
1670
6962
469
3320
7545
8381
9340
668
4000
553
2824
1628
2284
3826
6573
9719
4442
3303
3634
791
6173
7709
6735
6489
2009
8610
5462
8062
9191
8371
277
6415
1245
6353
9771
3630
7950
854
1987
1117
7886
5729
3685
6442
5012
7584
2083
1521
6733
4200
1840
2303
3367
3068
9194
9010
5893
3060
8766
6586
7210
6183
6144
8528
4853
1762
3528
6349
329
146
3960
8615
9127
8528
1579
697
4224
3789
1223
1046
8751
4126
6390
6420
9879
849
1646
6419
5291
3135
9614
3630
6173
3051
1380
6984
86
4129
6843
1618
7111
1834
3094
6737
2772
9188
1896
1643
6352
4802
3330
8711
9311
5340
1268
3357
108
6351
6388
4088
2795
613
9510
7245
3598
3199
1419
989
895
5153
69
4397
9161
8630
110
6295
4000
4781
4792
6961
8824
8012
9714
8852
1652
7064
254
4478
373
9081
7137
8498
2358
1798
6101
2976
1506
1728
5368
8121
815
9364
8935
1776
1880
1733
4964
145
9753
5880
2708
7704
4537
5386
4436
1989
8190
2498
2987
1191
4095
3575
5171
4804
637
4042
3445
9882
8872
4659
664
7752
6110
3717
8387
4298
7899
1593
5640
5421
9786
4223
4818
9562
5476
3189
293
1497
7413
211
1057
2789
1283
9959
5261
6703
4333
3744
8267
8076
2980
3226
1879
126
3631
1085
1832
2118
8221
7775
336
2242
4760
9849
3027
3226
849
671
1042
6554
7843
7474
5176
1888
6864
2869
7604
7067
1446
3371
8342
2930
1375
9207
1253
5535
9990
7733
5098
1407
5696
3722
6537
425
74
5770
6523
9333
1701
7828
1883
9673
3574
5443
5535
3934
6676
2469
9156
2677
2454
4065
7114
9428
6483
7094
8431
6553
2619
5214
4386
5339
669
5270
9677
9915
2974
90
4026
2629
10
1312
5677
8
6265
941
3949
4537
5616
4305
832
2767
900
64
6019
1255
9667
5479
3351
1812
3297
8054
9768
1894
487
8454
4173
9655
5108
7747
991
7016
9408
254
7229
1580
7612
405
8914
2625
2152
7804
8590
5535
6509
8204
9306
1535
2000
4930
9261
2153
5084
9667
3123
5751
2009
255
1291
3660
7390
8694
7375
8758
4250
7261
548
9052
9368
6937
8624
3319
1808
4600
3008
9990
8361
1690
8210
3568
5331
9605
8712
6470
4070
4178
5581
4947
2807
8713
2812
8205
2101
566
4242
1040
7540
568
9613
3327
610
2913
3908
6242
5755
4592
5086
9859
9921
8671
6600
5631
209
124
390
4911
5838
1936
6699
6850
7205
4262
8301
1077
9040
8032
5693
1037
5706
3440
3089
625
9706
5193
5149
6305
5100
1234
3832
2832
4975
2310
7165
5325
9542
6015
2207
2390
612
5941
2466
6746
999
6578
8344
4441
9948
4257
1489
3278
3871
8183
8771
7712
1143
9097
1294
9654
764
8879
4844
4661
818
9944
5088
3412
497
7224
8929
6108
6026
6820
5111
4481
4173
3516
5351
7113
6435
1954
4003
6586
931
3053
3587
3720
4390
723
6176
4075
1464
559
5306
8943
251
4555
7648
6244
902
7110
2174
377
925
374
5506
7558
863
746
6686
4666
6119
2239
5
1293
9451
4476
7291
2239
5587
133
4976
7061
7372
3393
9468
3889
265
4720
212
9644
8559
6269
1032
6235
4189
9269
7555
1480
4569
9453
8785
3593
4125
7862
786
2848
4144
2361
4844
8206
8869
3139
8843
5861
3975
9085
8318
94
587
9639
7155
6545
1369
619
4855
3395
3014
5668
2903
3001
1740
9492
9467
4574
2370
4844
7889
7273
9203
7609
9324
6483
2364
2580
8620
3327
7644
6536
9401
7147
1292
5056
5397
7532
4447
8712
757
6422
2592
3115
7513
4720
5198
139
1051
4455
3260
1458
120
1843
3020
2449
6663
8996
4769
2069
9455
6617
5846
6646
212
290
422
5534
5675
1937
6800
1090
4204
2711
907
6385
8573
6813
9372
279
9816
8613
5194
6825
4429
8731
1403
5617
4080
9145
170
1686
4463
5671
4613
7011
3165
1763
6965
2197
8884
5831
5819
7032
9462
6027
3472
2712
5963
8801
9580
4831
3477
83
33
9306
7871
2128
729
8176
3921
3287
9519
4724
2131
6970
6523
3332
8419
9014
3330
4837
3462
4039
4762
3503
8777
358
9472
2337
9043
8015
1539
689
9237
5413
7841
802
6399
8977
9896
2830
7578
8463
8981
8526
6014
9244
9500
4554
3757
6917
7708
8114
6010
5230
9230
2262
4177
7474
3823
9062
5229
7111
5038
6362
777
8463
6606
9076
5284
5444
7719
1032
1789
7329
998
1651
203
462
6668
8531
4573
7029
6449
4122
1565
5998
5617
1881
7727
329
9007
1274
2778
5195
9719
6808
5613
9005
7345
9404
3188
7878
3155
8985
538
117
605
9877
2521
2085
6103
8437
3719
8285
5051
4476
8574
6396
636
6089
7573
3322
3678
7468
1378
7595
8158
4891
4972
5936
9529
6394
7918
7057
5191
8479
5113
5049
2352
7637
9024
8477
6647
9189
4985
4678
1672
4365
4272
5658
8994
212
4857
5418
8964
1958
3198
2033
9845
4274
4708
4710
2865
8372
7208
9651
6841
6024
6275
7958
5933
9971
7430
8011
7824
3800
3598
7704
627
1744
2628
6395
2063
3581
7505
9827
9009
2984
5229
1314
1768
830
1009
7085
4251
4933
6612
9691
1089
8387
4456
603
2073
4679
2226
8520
6212
3508
7033
1419
6200
6740
2637
6827
1074
2597
6817
2742
6190
2320
8839
5713
6975
8184
6497
3667
1269
5924
3860
8141
9622
4619
7395
9925
9838
4297
9395
7684
2769
5502
136
5292
6720
8517
4373
8434
2349
1120
240
9286
6224
4817
6462
9077
4854
4285
7178
9114
8751
9411
2796
7918
7270
3092
527
651
7858
8578
6615
1864
6871
3948
2545
7185
5485
7490
793
2008
2230
478
1651
5721
1647
8139
210
8349
7514
2301
378
9950
6055
8846
8770
1509
3420
3643
394
933
3935
1843
5469
8480
8885
6320
2526
3772
8406
9858
9458
2953
9314
9730
9187
2944
7797
7107
6686
8266
4928
1136
4379
1791
961
6218
8626
5038
8482
1876
4719
1884
6081
3293
4609
5287
113
626
167
2818
8338
8890
6686
9222
9470
7857
4354
157
463
4091
681
9078
6925
4045
5774
9340
9950
651
982
6828
4815
1092
5794
9400
2538
1531
6971
8683
7142
5167
8870
4338
1322
4016
9541
7464
3614
3908
5549
4182
2019
7919
9277
6601
176
9633
1445
9129
6939
9954
6367
7615
3865
8165
7745
2084
964
3096
5306
5414
6339
6625
9151
3510
5858
8081
9530
8644
1283
8707
643
8845
9423
6040
9713
9542
35
6959
7537
5681
5804
6180
9005
3640
6264
3562
4566
8347
5708
8745
5671
9000
1260
5010
5317
6875
35
8477
4527
4557
571
4837
730
4895
7768
3706
9625
3452
5382
2307
667
4102
8958
7243
4331
6700
1022
8583
7111
3840
1126
5056
6959
5527
1268
4077
3723
8405
1691
5860
2086
2663
8557
5871
4786
6661
6879
504
3270
8401
8686
1631
1707
6922
1079
2982
9597
9775
3431
952
7006
297
7800
984
1923
4382
382
1430
8214
6329
7040
8336
5751
7909
8306
7350
7190
2747
9917
5980
3436
6997
8720
7784
1031
3542
2835
5460
4298
2493
9346
7857
3055
6317
7359
9561
7254
2281
7890
3277
6327
8724
5844
7938
2603
4128
7783
829
4112
954
7720
9404
368
1459
9847
5053
6560
5954
4153
9985
2459
1502
910
630
6328
3610
1713
369
7859
3667
6932
6841
2849
6446
204
4236
4401
3386
373
7409
2122
8408
8224
8585
4042
4741
781
6234
5819
5103
9625
833
2714
8186
886
7638
1051
7601
597
9001
5637
5617
3388
4724
4047
6335
3348
2270
7478
4978
7932
4971
2281
7620
7466
2401
4949
9043
1384
8444
9348
7344
5771
5077
9369
2526
3033
844
9011
6981
8680
559
1906
2417
3533
2853
4832
1281
4092
3363
7035
3925
2427
5293
5648
9683
6992
4266
5279
5680
9496
8736
9941
9415
557
5755
285
3569
1628
1203
5219
616
3908
8673
8092
9234
1002
8578
5669
6716
4585
7116
7296
2994
8102
1708
3588
8510
3641
4338
2185
5224
3730
548
3154
741
7052
5223
6246
8200
7720
6335
2760
7007
8264
1609
3655
9784
6342
4339
2166
9386
8242
2589
2734
2888
9852
7079
8618
7874
6882
9017
986
4669
2886
2439
8021
4681
8986
2166
1902
4426
9031
964
9029
4804
3423
4755
8376
8496
8686
3919
5699
1470
336
5359
6524
6282
1066
1827
8999
8351
679
9955
5316
8416
8126
9607
2101
2981
3034
8865
7589
473
4880
4757
5659
4361
1382
7641
6562
3266
3071
8393
2188
5868
7185
1836
3969
5310
7258
7499
5590
7348
5038
759
9443
4727
8974
5364
6529
4951
3663
5452
4138
6258
5204
150
3781
8138
2297
4450
4547
286
6627
927
373
9456
4031
9365
2127
6437
2632
4584
7620
3069
1778
8734
8259
9155
5393
4702
3944
5191
7358
4108
2693
9956
8387
7227
2347
9687
9945
6646
8775
5923
8623
9797
8615
1379
8487
7400
492
9422
1250
5571
8539
7865
9915
2225
2946
4830
4305
5702
2912
6041
1849
4640
1131
3321
2818
523
1015
4264
1254
1716
3411
6036
8592
867
8172
4485
3137
3516
1594
3582
8700
1048
182
4743
8106
1890
7996
5181
9177
5138
1953
7510
7010
1776
8844
3410
2807
9251
8275
2612
4281
6193
4740
30
1591
5462
9557
2012
6056
820
4514
8290
450
4694
1474
5838
6205
6523
6147
4577
1496
2767
4171
8481
7972
3757
2927
2512
8477
2269
4958
1478
8950
1984
7914
9209
7296
1199
7601
5894
239
956
1221
374
4054
6441
2573
7921
555
9234
8774
223
4940
7907
1177
3706
311
2954
6090
6606
9782
215
9417
4747
2120
774
5299
2103
4650
7018
2943
4859
4298
5162
5263
4024
1080
9307
693
3325
6274
3807
6723
1256
8549
4674
3556
7647
909
2266
2946
3150
6618
9912
6567
5528
4119
2153
9950
4137
1314
3310
4597
9285
1768
4738
6613
8995
6482
8891
6145
191
1953
2960
7277
270
3659
8446
1223
9159
2882
6631
483
4480
75
1539
215
172
1118
3568
5908
8443
1118
3502
2342
4401
7705
7514
440
9900
8318
2822
639
491
8147
4587
9350
8626
2447
3701
1451
1801
3078
5844
3887
6558
9859
1081
4375
6181
317
7049
2459
2416
7545
5289
3809
4681
7350
4585
1835
1621
9658
6483
7265
7575
3806
4202
5809
9003
6481
1962
2511
5073
2133
4502
4020
7415
6937
1224
1395
3186
446
5475
5266
5825
7944
5184
8789
5085
8409
6776
6466
4480
2772
2507
5658
589
4223
2591
1289
1615
6666
6314
1293
7659
664
4162
4630
1100
6815
3303
8669
7244
2241
71
2879
7490
7294
6522
6415
5622
2086
1603
7591
1714
718
5672
3677
2673
721
6938
9421
7483
5594
3687
4045
338
6650
6230
7584
7531
6670
2876
5004
4582
5871
4899
8370
7505
3863
8155
3822
8082
1595
9179
125
2583
1034
829
1616
2978
1902
68
236
5146
3821
853
912
7436
1709
3458
234
533
3763
2145
3574
8962
1642
6398
4080
2127
658
8630
2030
5697
1108
7209
1280
9923
3691
2431
3557
5923
1066
2687
2635
6761
7057
636
1745
8103
7418
6596
1829
9745
8994
9444
6156
1311
6283
488
6199
3593
3834
4921
9791
6676
4083
1224
2392
6420
7995
8519
8563
5597
7859
4242
7202
5647
7444
5265
6386
8450
6803
9841
1607
6533
7199
6647
3511
8848
7102
8920
4746
5133
192
8127
1052
6287
5237
5207
9188
3995
4914
8395
4820
9219
2429
7705
5605
4926
3260
217
5367
5330
957
1655
4023
1189
2667
1984
9651
6874
4295
2109
1363
5675
5076
2476
7848
1408
5010
3237
1109
2850
7072
4411
8765
1017
4189
8004
5901
237
860
5179
2478
4917
9236
5038
1504
1745
4106
1571
1732
3569
1879
6422
7975
9593
982
9360
2641
7764
1057
4148
6733
9892
755
2943
3194
9089
7361
1095
3579
814
9468
7936
7853
9534
8818
7357
7693
1878
2746
3360
2596
8176
9832
8609
1735
8739
7110
3278
8905
348
4949
3539
1517
710
2782
7416
8055
3044
624
3398
7339
3097
5741
4267
3049
579
7852
87
1708
7286
275
6428
9654
7349
497
2197
6401
4965
8682
6612
4057
4749
8289
3569
1041
9707
2636
1017
1027
6051
8435
6644
7295
1312
2893
1375
5526
7436
2609
1295
3303
1023
2143
7106
1345
3107
1164
6943
1148
2584
7558
7529
2338
6555
2272
8601
5574
1357
2324
371
8740
1173
8656
3816
4798
1457
2774
500
4388
3362
9766
2072
2182
1877
3676
6435
5954
9274
8645
8868
5147
8148
3364
120
5915
4018
7791
7911
9222
9268
2422
8068
9129
3441
3633
377
7099
2956
4378
6766
7977
6862
2189
8652
3061
3447
3173
581
445
9543
9173
1773
9323
2730
839
9018
704
8295
4862
6018
4903
6268
7021
2460
9077
9634
5697
8478
7232
3935
6939
7315
2105
8812
3259
7321
5719
2260
5727
3039
5371
7332
784
6104
9154
542
9223
8201
9178
7816
7240
1805
4232
3209
3163
9796
5433
6399
9435
8158
5436
6393
7325
9035
641
2008
2782
6158
2093
8661
8485
6036
431
8081
5357
3911
1445
5098
5698
7559
1961
6971
8597
3808
7115
9273
9199
4492
5271
4644
936
5733
644
7138
1705
155
141
9719
2165
2562
1148
6301
4113
2708
9471
9862
8077
7012
7683
2392
1884
4116
1736
2085
3161
967
9140
2011
255
9330
8366
6310
8549
1432
8987
1681
173
8512
4764
5327
7366
8581
5272
2504
2327
6461
7995
2321
8059
7548
6428
6830
7120
2793
6596
8747
240
4315
913
6629
2236
9167
6946
4024
9975
8921
3146
6260
2850
5975
268
4146
2293
9967
4834
4142
5268
1775
4812
2714
8839
9941
1556
1348
2498
8727
9836
7625
7459
5966
5488
6227
6721
2622
1597
311
7433
7543
8721
3107
2800
7733
4422
1224
2810
1409
5031
1084
5776
3464
4234
3473
770
9199
9699
8639
5875
2819
9335
3498
5185
2581
979
2534
3812
63
4436
7194
4172
1617
9293
2074
5003
8622
1221
5472
9545
1414
4249
1464
4282
2666
7583
8030
599
377
6639
1955
6905
268
6979
8209
2332
8510
9552
6635
25
5899
8972
327
3312
5616
9576
9422
7272
4690
1022
9284
2013
7567
723
5434
1620
8936
2451
7090
7152
2613
3716
7351
8941
8546
1496
1747
8118
1793
6294
7055
5122
5250
867
5284
4917
7568
4160
3997
1921
5984
9420
2238
9407
3424
2429
488
7592
6962
6796
9720
6135
5984
2278
9952
4619
7553
4314
3672
5410
4428
5543
5401
6514
1614
78
2576
5362
5061
3903
8428
9316
2339
1763
8409
8139
8437
3277
8482
9189
3115
8855
5822
9175
9475
7201
7125
5699
9844
3325
2505
1531
8660
5279
4917
2951
7788
4551
7222
6302
9765
7917
2511
4100
2499
4536
8429
3518
5078
3588
7835
3178
3727
7223
6874
7569
378
5088
9460
1017
5534
6648
3812
9398
9333
334
1021
6079
7066
4933
576
9140
5405
7534
6108
4519
1439
1158
2175
467
2388
2168
9499
7610
4707
3172
8880
5465
1730
6041
3137
9069
6069
539
1637
8666
4837
5260
3362
687
7154
6728
918
6148
2028
706
5977
8846
5780
6705
2198
9121
4714
4186
9522
2776
3128
980
3362
7320
19
8225
3871
1695
6439
9470
4375
369
3352
8995
3557
3868
5915
7468
3640
3060
9114
6070
5900
8244
6090
6416
33
1940
3241
131
1499
5954
4827
9301
2727
7574
6534
1954
3084
6933
4568
6910
1026
4879
7072
8764
800
330
6138
2954
8254
1207
4068
429
6354
9546
8543
2233
4702
1709
6330
8358
5738
2324
4095
3365
8811
2361
2000
1539
8432
6481
3397
7980
2172
9541
4480
3157
9425
479
6068
1074
2650
9177
2092
718
8995
3878
711
1986
7088
6120
188
4610
4718
513
1183
7834
2833
3910
3019
9168
8897
2625
9246
2025
4183
5533
829
608
6422
2526
4075
3751
7455
4253
4436
2023
1035
7240
7059
7787
3302
4056
1016
2171
3675
4165
6906
4743
5715
6381
8651
6691
3556
2415
9242
9814
2934
9744
8775
8341
6437
2217
2955
1173
4345
7536
9626
1322
6236
4841
3908
323
7984
9350
780
8102
6488
1069
7236
7352
5266
5255
3060
376
7893
7447
948
4219
6896
2007
1361
1935
6484
4969
2027
5564
8471
1701
1760
7871
7821
907
6688
5851
6597
5242
2711
3514
8727
7025
3841
5329
9209
4884
7308
144
6809
7221
3488
3006
1915
2870
7165
1588
1039
1508
4610
2834
8863
5735
9342
2475
8836
6264
2912
1753
4719
8333
3296
1881
9029
6352
2800
1626
8443
2856
7537
4546
8804
9236
5676
6935
6596
7106
3181
6089
201
3313
510
4494
3413
8473
6495
6692
4913
6008
8413
9324
697
908
76
3053
2415
7444
2145
1425
6827
2096
6879
9125
6488
5582
7827
9719
1254
8928
3133
6448
7965
1878
1027
6719
5752
2604
5270
2566
4069
7398
7566
4996
9125
8077
3341
3297
9668
7940
7116
1331
6459
1456
182
1447
7655
194
4871
571
668
7399
7886
3277
2113
9607
2478
3265
7892
1588
4299
8464
3152
1452
3273
973
2715
4628
1520
698
4484
3465
9546
5699
4051
5951
7498
4381
7514
291
6144
4668
5595
2623
3549
6994
9963
8616
1586
9692
3159
1137
7586
5395
6300
1173
7030
2727
9502
2449
8575
5459
6713
2903
5409
2078
84
8508
3706
2158
8471
3534
2471
1204
6198
601
4536
3643
5487
2533
2133
3361
9774
7174
3203
1302
6963
5540
1634
731
8700
2563
1803
8535
7951
5809
283
4409
6770
1972
2676
236
4696
1103
3814
163
7385
2402
597
9989
3493
7335
1120
8397
6515
7044
2409
4613
9190
63
820
2826
5302
8076
1123
2688
4624
9034
7442
2583
4590
6411
6966
830
268
9038
7714
2506
112
9518
5188
2064
6130
2183
6606
8942
7225
5176
6628
3038
5851
4499
7674
4481
3686
8357
4729
9342
1059
1218
9873
5280
6138
5673
9600
1736
626
2789
1840
9693
5004
7596
923
7097
2581
7584
5670
348
4880
1161
4213
4244
8131
4285
367
9925
1417
5386
7065
5432
3418
524
9987
8222
439
7816
4364
5954
4975
3266
1193
2788
9925
5148
6367
1956
1996
6589
4054
5859
7707
1297
1585
9293
2577
6005
2686
3088
7000
9654
6522
3715
7429
3613
6850
9169
577
7079
674
2507
2094
8102
6655
272
6676
1576
4490
5976
4207
1527
3943
7595
3131
9370
9255
8529
4844
9875
3742
218
2895
3430
8491
3362
4063
588
4521
5795
3227
131
8765
7486
4194
7944
8182
184
2247
410
4619
2245
7716
7858
7223
2423
956
1325
6301
9607
4067
7663
5438
1069
4674
74
5658
1265
7450
2788
1948
1906
1893
9145
4107
3210
8833
9270
7524
153
8094
8229
6675
6697
5863
8768
5287
4491
9308
1353
4690
124
72
6659
581
6942
5264
6641
3077
1974
2859
1845
2874
4455
3574
9412
9543
5325
2808
9404
5653
5963
2714
4676
4293
7949
4187
5159
5414
274
6815
9132
7753
3772
1752
1756
8366
6471
6725
8729
4382
6016
3018
8670
8200
9921
903
9410
3103
1314
3926
5972
7335
3662
6745
5427
5244
3375
1228
5099
3113
4225
5918
7774
9894
2224
7920
4482
2802
6599
1974
9668
403
1141
3328
5093
8231
2950
3869
9710
5884
2455
820
6599
7299
7491
5721
4602
8230
8950
7924
2596
2683
4410
5677
3366
8302
9832
7167
4489
6946
6133
5701
6523
3747
9632
8993
3308
4978
3074
5234
9124
9276
6086
9899
7933
4859
2075
5593
5228
5407
63
7469
5055
8679
892
9699
6096
4825
1053
2761
5563
5463
8713
5709
9837
1782
556
1558
5153
4303
8430
942
57
877
4836
5370
353
3364
8334
1338
3807
8459
3251
5042
7200
1122
6775
5598
6168
4682
7371
1220
1637
7976
4879
5218
1316
4230
5421
688
9505
4501
6205
2815
1945
9324
1056
2485
468
5213
8279
8729
1061
3308
3838
1651
5262
2409
6829
6007
2772
2969
7226
3249
2403
4939
5291
6053
1074
3456
6496
4073
7648
6678
9330
9047
2635
3291
1838
9339
6611
4100
6690
769
5985
4551
7745
4370
8762
7712
2381
880
6464
9016
9004
9303
7899
2966
89
1674
3253
8931
4149
2633
9158
5792
8329
9655
3143
2520
249
5560
4370
314
7718
8737
90
2894
7559
9754
5968
1021
3000
1557
2691
9709
2165
1132
5500
2138
9893
9068
1590
1601
7557
89
6996
6606
9108
5332
7738
1322
1623
5316
6403
8968
3301
8916
4946
297
8971
6869
6273
9588
9707
766
1375
7032
3968
3652
2888
854
9614
902
375
6572
2555
8270
8902
2203
1763
4158
4948
3261
4763
8158
3710
5561
5025
9586
6884
8687
1397
4327
4634
6150
7010
7721
2177
1898
3595
9717
4791
9960
3251
2984
7165
2383
4381
8294
4268
6888
2177
8528
4612
3739
4753
9258
7255
249
3230
5775
748
7042
1074
1099
4094
8827
5931
3873
1520
3795
5208
8356
7954
2945
7846
6454
7775
653
1079
3381
1895
2796
2356
3760
1802
322
3585
5692
1299
702
6745
8189
8246
6797
7993
5786
5669
423
7572
9089
934
3677
2189
3988
2422
9527
9779
7738
5955
8491
2766
7738
9577
9982
4235
6076
7877
5780
2151
2238
8300
3767
9749
9603
8356
5179
845
6754
7180
771
2326
6416
7030
990
8286
4447
9635
1265
8752
3718
4809
3331
5690
6285
3794
8106
1111
6162
3397
9490
4989
2242
3961
6618
2939
1604
6328
4155
8948
3949
5548
9983
7363
3866
6206
5876
5404
4219
6109
5428
5828
6115
6761
1598
9140
1769
6593
9383
5829
4701
8797
217
2174
2037
4802
6352
5922
2177
1377
5860
3587
2597
4665
773
5126
4613
3815
8449
8649
4604
7250
9684
4543
1763
3278
2211
522
5635
4086
2099
4312
4116
5488
5191
9710
8413
2993
7889
7920
4541
9173
4773
2950
5323
7783
1672
8503
6715
2841
6424
5380
144
7265
8634
43
8116
2947
7694
9095
8817
5085
9104
6191
553
2539
8380
5670
1569
2315
4016
5316
888
4119
9914
3979
4588
6475
1788
4490
7887
2836
3502
9292
4343
2516
9244
5490
525
7138
3232
2958
4969
7977
4059
1526
3208
792
1709
7199
7439
1954
3428
8637
6106
9120
1661
7952
4659
7984
9002
3948
7529
7021
5614
1021
7081
2145
5436
9365
5096
8593
7986
4352
3069
7774
4621
4523
8497
5300
2442
8532
5616
2562
8347
1553
9925
8822
1286
2233
5937
928
8888
4033
2926
6104
7935
4225
8106
4819
1538
5063
8022
5848
9510
3425
8717
7842
2687
502
8657
1480
8231
5073
1840
5571
6091
4770
8031
9126
2256
7596
967
8323
6047
5803
1422
6599
2624
4745
2918
2686
4531
7251
3352
3264
181
3870
5039
4538
1329
2326
8212
1806
6574
8010
4493
1445
4210
8893
565
8660
2248
9231
1403
7198
605
9574
1146
8690
66
3500
5573
8856
7764
6639
1513
5709
3416
7664
8775
7570
9907
1282
509
8632
1938
7493
4542
3522
8783
1879
6862
9840
865
4588
3601
1126
8213
5685
1068
4363
968
1086
9652
2632
1843
2341
799
8315
2526
3349
1349
9841
1097
9226
4374
7345
8006
4104
2749
7084
8994
7254
3864
5473
3573
716
7515
27
3865
319
6445
6621
4222
8903
478
4832
8682
5617
9304
4130
8988
8804
2908
3959
6034
8896
5355
7233
6574
4933
9426
2183
9870
7212
6244
4744
1304
4994
2948
7482
2689
1769
5299
9088
5265
5937
3315
3521
6138
2860
5751
4918
7285
6843
8258
9567
9646
1992
4256
9797
7598
7302
5268
4598
6553
5453
3163
1277
7268
5049
5212
825
1112
1274
8713
9314
3327
1523
2899
2459
3505
5187
5308
3034
6275
6242
3903
2241
9335
5860
7338
3090
8462
8673
4563
4813
4653
5077
794
4878
7310
8029
4057
3929
6820
7148
7410
949
3473
5448
1000
6290
7337
9204
906
7104
8618
734
7937
4647
7563
7542
4998
7092
864
3814
5710
7508
3681
3812
4399
9496
4360
370
44
5611
8376
5884
185
9908
6734
777
2467
1320
2435
4391
5438
6755
8638
9125
5117
2066
8463
891
767
6784
221
2311
9078
4124
6355
2187
4979
8557
1146
1939
3954
4013
9849
7274
1763
7068
4330
8200
5013
8908
6426
3725
5284
7720
6769
835
6168
5476
757
4804
6238
2429
1106
2738
6251
3179
120
1436
6070
5984
8637
5421
6785
3493
1286
9845
8478
3089
2847
885
73
6970
1933
2764
932
7971
9195
4469
3315
1192
589
8956
8047
5272
1672
7476
4354
5917
4557
1111
2109
510
5721
9478
5013
2480
3893
5070
3735
6532
5954
5801
4949
7775
8597
3615
2328
7756
3614
4453
5423
4449
4792
7074
2962
9002
345
5806
7650
794
3554
1221
2356
955
6202
4124
6408
4433
5368
7448
8611
4937
5977
197
3316
4565
349
2816
8537
7584
6205
4558
4220
9245
2923
1386
8691
6301
1027
8753
9862
7208
9272
6026
3674
4567
4721
3861
2836
1894
8377
5868
3252
265
2617
1961
7865
166
7158
2472
298
5047
5860
7990
6545
9028
7664
7966
6330
6333
1539
687
5459
8135
5478
7961
8137
4404
8546
5940
861
5991
9613
9802
3453
3235
1680
445
9243
927
9794
5620
1356
8885
2829
7095
8462
345
842
9741
9801
4629
2709
6574
5508
1822
5036
5593
6003
435
9919
5079
2095
8455
1157
553
604
9098
4854
3021
3725
1200
3884
9400
8879
3843
351
9158
4220
7591
7756
2283
3762
160
6148
7014
5442
6443
3799
8214
1009
1916
9098
5049
1889
9452
7409
2584
9460
6240
474
9042
145
625
7691
4900
7556
4962
8622
3853
1290
2401
1736
5202
5501
1735
1708
9892
160
6618
2758
7056
8883
3697
1119
1328
5909
4286
8603
1934
7818
1688
4371
5407
6168
4678
2967
4164
8061
2783
7247
6038
7907
8095
779
8801
7441
9043
1856
9145
122
5057
5616
9208
3337
1756
3552
1109
7858
4164
3890
4559
6530
6071
9613
5257
5044
999
8805
5724
9661
9888
9716
3599
4789
3794
7528
3262
5454
1761
2573
3383
4872
6684
4423
5202
8658
2817
6270
5759
3316
3374
1536
6017
2865
5418
8842
3743
9486
5637
278
8343
9986
8143
1918
2693
2933
4336
2992
9869
2302
2275
216
4302
3759
8258
8624
7377
7758
8750
1482
6231
9338
1387
1807
7953
9442
2591
1065
1606
5545
3919
1392
4906
1187
8318
8473
9861
4235
8249
5062
8569
9214
9219
3409
4562
3249
829
1373
7118
2622
4899
9311
6473
5728
7981
6192
7662
7130
1875
9913
8446
3696
802
4438
5643
6219
2034
5
1117
7599
8587
1546
9184
30
1852
920
2839
2503
3556
5905
3776
814
3528
4822
2082
1871
4815
5169
7254
8404
6469
1854
1513
7503
3932
1887
9229
4573
4934
587
5921
7235
5157
541
4834
1059
1010
7759
6873
7930
7468
9945
4429
2713
5226
1896
5302
4723
7142
9756
1004
2894
107
3225
8019
3036
3971
9281
2739
2235
7328
1707
9063
3512
8310
5777
2907
8982
2286
6297
3610
370
3761
4659
1228
6852
4415
2668
7052
3408
3318
1201
4546
8740
2618
8157
1161
4196
274
8018
9899
5867
3551
4007
8693
8430
9651
8662
935
8158
4196
5155
9097
35
213
4798
9093
7219
2609
5494
3695
1607
1739
9523
8494
2741
696
1229
130
4054
8749
9501
9443
638
8285
795
9686
858
3385
8100
2637
6670
5136
406
7495
7247
9055
998
2850
9439
8728
4021
8766
6058
7428
2720
4052
4679
8836
8803
3486
1892
2821
8922
7718
9821
8621
9608
8219
5565
5791
3990
4191
4215
1959
175
2525
7187
4131
7544
8110
5262
7585
1204
1975
8368
1773
3683
4816
7330
2233
1307
1724
7640
5092
5303
2021
3253
1037
8694
8998
5208
5353
2928
1809
5286
6206
8443
7066
8166
2741
1341
6319
7183
1489
2972
9015
6937
5932
5473
3700
9258
6409
8391
9670
1487
2707
9122
5947
3650
5995
5000
7461
1223
7109
4681
1798
7635
9638
3671
1716
9494
6058
7277
1159
8410
7806
8016
353
3799
4065
3946
6847
6779
3128
3170
6636
4592
4058
8371
9535
689
4574
1206
8504
4503
1249
4571
7744
708
220
2552
6132
7842
2281
7864
5180
4479
252
6273
1254
8739
9198
6049
9467
1860
3844
5342
7118
5017
2839
170
1807
1242
4270
2296
4049
6719
5824
2481
6902
9606
4237
2495
4921
4245
2325
7131
3763
2874
6391
8492
1293
3290
974
6370
3193
5419
973
344
5972
2397
9243
9265
6678
9236
2350
1677
3637
4575
8430
4593
4146
1697
8930
2828
8746
8858
2092
4426
3704
5426
3990
708
5868
3116
5700
7147
2117
5117
4256
5686
6489
442
607
1491
5723
2848
2287
628
7419
7981
1698
3425
9481
8385
9048
3138
629
9918
9841
1814
3171
4328
4521
330
3148
611
8068
5560
8825
4958
5426
3215
6437
8683
2703
5809
6593
8787
5798
848
3451
534
3592
8192
811
7110
7422
2648
664
9252
6761
8259
1412
4246
6411
9883
9613
9403
3174
2875
9208
8701
4403
9425
9282
3064
7528
8008
6389
8083
7402
8256
7432
9060
3389
7388
1592
9822
8727
4957
2823
7510
6367
7247
2187
123
4397
6743
8783
482
8586
7194
7529
3451
212
5057
1966
5575
5840
7004
2867
1568
4325
1345
3808
9118
2771
3667
7616
2246
9472
7627
5032
6304
7533
8894
956
4016
3078
1514
3504
283
7123
8964
4040
9807
6225
7331
4344
368
6481
151
9329
2775
9743
5743
1810
8370
2635
9180
3060
1279
9108
6166
4600
7829
1110
4694
5351
1837
5582
460
1323
2781
7504
2154
809
6188
4250
3139
5366
7873
4987
5625
3638
7166
1498
1877
7731
489
7651
1907
4916
1865
6969
322
4896
8349
9035
994
530
3025
6051
8531
6927
1715
7187
794
322
1501
2397
1353
2228
6687
4471
5158
398
3736
637
1987
6580
9418
9050
4483
6422
5819
4954
1906
2829
4366
2999
7188
3615
9506
3864
8742
8516
5372
4380
6771
2633
3409
5602
8361
1449
5393
7939
3545
871
3119
3485
5177
2032
7800
9299
8788
377
4755
5697
6858
6407
4834
2032
1994
7162
1751
801
157
4270
6128
9675
4688
6785
400
211
8749
6529
352
1804
3992
5726
6708
636
4474
5637
5900
5018
8557
4037
2867
2405
1349
4812
529
9025
5172
5141
2877
9543
773
2711
8360
5870
9363
6109
6852
3179
8103
5928
3801
4532
8020
9464
5808
666
2764
9905
8470
7577
5610
6090
8541
8907
3966
7875
1548
4901
7637
9083
8497
7486
3590
4402
8952
2572
2873
3781
491
4574
8526
5034
5994
5599
3379
2878
5229
3409
605
4572
3924
7032
111
3158
144
4795
7902
838
4982
2165
5439
5490
6938
1003
4987
484
3463
2144
3661
7255
5147
7569
1742
